id,EAP,HPL,MWS
id02310,0.16204178994391655,0.05630825929152274,0.7816499507645592
id24541,0.8852835954786307,0.08006335871762539,0.03465304580374039
id00134,0.34096179589806735,0.6470210851749252,0.012017118927008703
id27757,0.49355638881655667,0.5016268409950871,0.004816770188355343
id04081,0.8345702358762209,0.11024709988909846,0.05518266423468212
id27337,0.66485331524375,0.30279948867855283,0.03234719607769952
id24265,0.5705714314129492,0.29487860304257646,0.13454996554447282
id25917,0.09222270239532736,0.17696853913277383,0.7308087584719001
id04951,0.9567989759929251,0.041316967298458705,0.001884056708615862
id14549,0.6679035613080376,0.18172963243470225,0.15036680625725987
id22505,0.12684786203667378,0.1013309130838713,0.7718212248794534
id24002,0.00229445772379091,0.9968195741849857,0.0008859680912213925
id18982,0.2783271914021185,0.5238267169915493,0.1978460916063347
id15181,0.021303324768605848,0.9740111018770103,0.004685573354383442
id21888,0.3716158093174246,0.23055201796715666,0.39783217271541754
id12035,0.008686044100712739,0.012424123400388698,0.9788898324988988
id17991,0.17894832314878198,0.056626714763962166,0.7644249620872574
id10707,0.9914291985045669,0.0027506197226325226,0.0058201817728009315
id07101,0.1853287992419569,0.18133715791137345,0.6333340428466697
id00345,0.16560793986706507,0.8084453191385618,0.02594674099437453
id05912,0.7696637844137845,0.15925547687371927,0.0710807387124969
id13443,0.8625443830945245,0.029811033455585324,0.1076445834498897
id09248,0.09177725592005338,0.0901892986129261,0.81803344546702
id17542,0.02978979989013656,0.954431207272032,0.015778992837831584
id06995,0.17896800706038074,0.01913624566571778,0.8018957472739
id25159,0.656040141462799,0.08612528582853038,0.25783457270867144
id25729,0.726677777285061,0.2220882586478881,0.05123396406704945
id26949,0.6985561091708724,0.20393036754437896,0.09751352328474722
id27191,0.41064649792610936,0.03228068657674961,0.557072815497141
id07668,0.23388073117270883,0.011172868935960928,0.7549463998913337
id02230,0.29556220156012913,0.21772977277727126,0.48670802566260035
id15553,0.9162275527602968,0.026696600616783132,0.05707584662292075
id25688,0.0316801780160525,0.9484971115190679,0.01982271046487887
id17545,0.9749604014801934,0.0061643897176098025,0.01887520880219649
id13929,0.5905491248596809,0.31760812668714533,0.09184274845317356
id12880,0.32422977606099174,0.21225717104470632,0.4635130528943025
id19282,0.5394572518896085,0.12108970442075183,0.3394530436896407
id14690,0.04998575243448407,0.0060578592272172264,0.943956388338298
id17975,0.03997458277997176,0.9233181121801152,0.036707305039911195
id08037,0.4525065375453283,0.02810054941078809,0.5193929130438831
id15412,0.06769472762337876,0.052784531445483514,0.8795207409311382
id25032,0.21655074760193269,0.15056826292855,0.6328809894695172
id27165,0.9966455253361071,0.001725704131370374,0.0016287705325224269
id03327,0.5764959339838521,0.33164053306177677,0.09186353295437166
id18515,0.6742130138107281,0.0965805668852591,0.22920641930401164
id21003,0.26970450612254887,0.029960487868766896,0.7003350060086859
id23855,0.010315373744920718,0.8283284592770538,0.1613561669780255
id20724,0.6250474128835825,0.23610541546362068,0.13884717165279675
id13303,0.27593528288534536,0.12781299842547705,0.5962517186891785
id16521,0.018012654929042766,0.20726243147013204,0.7747249136008239
id20775,0.9654457241835653,0.025857307683866772,0.008696968132567482
id13029,0.9783207469173805,0.006486101390824513,0.015193151691795973
id14660,0.5912829546094843,0.32549620688683756,0.08322083850367826
id11028,0.014292208972670067,0.004602194221564561,0.9811055968057653
id14180,0.7439731259587982,0.21618620914215653,0.039840664899043955
id25860,0.9942410744510447,0.0047379390723704855,0.0010209864765837013
id11910,0.5278944874638644,0.04193459887430745,0.43017091366182664
id08065,0.2942302148481961,0.17708045716319623,0.5286893279886076
id22674,0.1440605933818708,0.027168630490994557,0.8287707761271381
id25018,0.21633748828200663,0.028630618980947164,0.7550318927370465
id10892,0.0542773705748698,0.9026608242012626,0.043061805223864755
id10217,0.2780598888699822,0.690101985036564,0.031838126093452566
id12996,0.03701726817140246,0.6169443597668492,0.3460383720617486
id18262,0.539438888765512,0.2070471555511585,0.25351395568332796
id08606,0.019965216473330424,0.9662818067956692,0.013752976731000678
id17233,0.8204566921765947,0.04639310449797791,0.133150203325427
id00101,0.7362132564445673,0.18392341718568975,0.07986332636974477
id12225,0.7976271660539177,0.19000440047631978,0.012368433469763244
id01364,0.09734333952210496,0.8762070991089747,0.026449561368919794
id24973,0.4517897421395851,0.18382175327219027,0.3643885045882238
id25363,0.7164689081844857,0.01757627564348974,0.26595481617202194
id10061,0.5582942586978683,0.12177135607084558,0.31993438523128515
id17673,0.18368021989122368,0.7828546148623889,0.03346516524638911
id13249,0.48067125035099956,0.044174642232127984,0.47515410741687203
id10107,0.04313310555953772,0.008358599796597853,0.9485082946438633
id04403,0.8708500751029151,0.025436795904228773,0.10371312899285574
id25728,0.823212748299253,0.027509947819281313,0.14927730388146532
id16184,0.5224573900492738,0.06626209637371044,0.4112805135770161
id03438,0.013095992280730289,0.000564474721208802,0.9863395329980603
id22923,0.09089443712981117,0.9009377136677204,0.008167849202469211
id08610,0.9457028773503394,0.011716762893650569,0.04258035975600995
id25355,0.18746797957688516,0.04634714355386851,0.7661848768692465
id16916,0.5105860425022474,0.4108030096581429,0.07861094783961088
id12793,0.20507533869027117,0.7019308986317886,0.0929937626779407
id11859,0.34877715119477226,0.16281936687953497,0.48840348192569205
id02434,0.996103185017291,0.002053476703230027,0.0018433382794800538
id27703,0.11621343799384168,0.020232018029746803,0.8635545439764108
id25212,0.3493060641777319,0.6237959631399942,0.02689797268227466
id11308,0.0964088692930058,0.252277487559367,0.6513136431476282
id26094,0.9142178909330378,0.04107628758401388,0.044705821482947196
id22080,0.7423259850714217,0.23523267163290912,0.022441343295669092
id03545,0.958091292689786,0.03829597398930688,0.0036127333209083207
id23725,0.0436606622070489,0.13897770952342142,0.8173616282695296
id12009,0.7828271730011767,0.14391741676978395,0.07325541022903759
id24241,0.3594955250001531,0.11561226937372227,0.5248922056261243
id03596,0.05141445702862209,0.9358641431880851,0.012721399783293246
id10749,0.31815658505266803,0.5475502725756229,0.1342931423717081
id22794,0.06414237826079755,0.02329999669461696,0.9125576250445846
id15482,0.5627462306879901,0.22857338070862318,0.20868038860338653
id04833,0.5921179807691277,0.38242159903215267,0.025460420198720204
id00397,0.07909183673194436,0.00367873747176727,0.9172294257962909
id14691,0.22067167910063348,0.03625129484598497,0.7430770260533845
id05193,0.10828929133723345,0.004040260199174446,0.8876704484635916
id19541,0.6565159077195645,0.0606184951448276,0.2828655971356069
id22166,0.007008272973666289,0.01224872815528764,0.9807429988710462
id20744,0.012651241787516322,0.009488286259444083,0.9778604719530398
id10392,0.02413146914893735,0.00794311884969142,0.9679254120013694
id00770,0.8418042690514925,0.10012769964114876,0.0580680313073596
id06018,0.4777191053167543,0.4661855118321133,0.05609538285113155
id15678,0.2527254968959371,0.019567682392008273,0.7277068207120515
id08305,0.9311600071589278,0.04788680215991619,0.02095319068115572
id08903,0.328557388241084,0.15163360841845688,0.5198090033404603
id14752,0.4484614614243125,0.5169833143655924,0.03455522421009569
id12468,0.06130460199398092,0.9153569793035669,0.023338418702451447
id05085,0.4705082669644014,0.45505973911756337,0.07443199391803391
id21993,0.140878760395716,0.028341130499048735,0.8307801091052354
id15503,0.9083233879419886,0.07272452834814461,0.018952083709866122
id03021,0.0012798400356901884,0.9971328086749834,0.0015873512893264203
id16123,0.9943502156143013,0.005286625206234376,0.0003631591794632891
id19383,0.980071880320549,0.016480988194095963,0.0034471314853542
id04186,0.9946063113767913,0.0026487952336294866,0.002744893389579672
id17954,0.02824023340700751,0.002406900406985194,0.9693528661860096
id12030,0.41021825265923917,0.008825255387993315,0.5809564919527682
id13020,0.5370242969580767,0.4309039594724649,0.03207174356945839
id25327,0.035889089521765255,0.492090633458799,0.4720202770194369
id16344,0.28132470176270485,0.11300719648414029,0.605668101753156
id12303,0.25827653955576046,0.5114710753359446,0.23025238510829388
id15017,0.930800600449605,0.0616876316387269,0.007511767911666236
id22308,0.6780666735176173,0.15763643163306723,0.16429689484931495
id06536,0.01898536108746714,0.054994054455516646,0.9260205844570132
id19797,0.13941249036832076,0.7905828660743573,0.07000464355732358
id06332,0.34428237679887325,0.5792601608777695,0.07645746232335729
id22941,0.4307037658100432,0.08431967234294072,0.4849765618470178
id13547,0.13358062507141671,0.035540137617884465,0.8308792373106979
id06928,0.012320775550274221,0.0011257733244099872,0.9865534511253172
id12521,0.5792741155037429,0.3550987675029721,0.06562711699328642
id25716,0.8427622526677063,0.029314760839703247,0.1279229864925911
id27116,0.0023379994546756165,0.0003744208385307352,0.997287579706794
id19941,0.030293776296449856,0.8781777885845495,0.09152843511899968
id05711,0.002523323089321599,0.006088890072056917,0.9913877868386209
id02097,0.004352895935415012,0.013960393667655882,0.9816867103969303
id03563,0.07252973744853754,0.9167587015476714,0.010711561003791477
id02295,0.3070024724873125,0.6191346100105879,0.0738629175020995
id08179,0.9938222578358789,0.004491068222085956,0.0016866739420308612
id05332,0.01645063529018948,0.938930385273756,0.04461897943605333
id15697,0.6239195069938497,0.06725899097799795,0.3088215020281554
id17026,0.09829519807311755,0.02977606805756946,0.8719287338693138
id04243,0.8512807959181594,0.12108841889958424,0.02763078518225724
id13175,0.9995715386311093,0.0003153627124972098,0.00011309865639706335
id05387,0.8792847729998642,0.017369007696078763,0.10334621930405423
id19989,0.8106441251669607,0.06266666401636554,0.12668921081667484
id25173,0.43849370457840753,0.04428057457028379,0.5172257208513084
id08925,0.043894688608170335,0.9466993780151469,0.009405933376683238
id03034,0.07245842522391475,0.8785753922070104,0.04896618256907623
id13272,0.016996438334306894,0.9644696951446575,0.01853386652103406
id07956,0.9620744284338636,0.016936190240504648,0.020989381325632935
id02648,0.030168338364282343,0.0256748482566027,0.9441568133791151
id01778,0.1968223928602328,0.012096778939730659,0.7910808282000363
id12846,0.012586957696289376,0.0005881620605798735,0.9868248802431295
id19001,0.277070132163576,0.06617762594723618,0.6567522418891861
id05763,0.5730592126223456,0.07219414593696033,0.35474664144069423
id15590,0.014458959128516281,0.00717881732143835,0.9783622235500468
id04912,0.6820708383665228,0.1257037741936635,0.19222538743981388
id21201,0.8424973218775548,0.08349572866327958,0.0740069494591672
id13215,0.9590527557717011,0.014141499103122672,0.026805745125177742
id15612,0.1279765034906897,0.8480009576098774,0.02402253889943463
id18501,0.12945003604392483,0.05021158415186112,0.8203383798042132
id07223,0.2575253888173744,0.5043664394144978,0.23810817176812718
id06707,0.38089492861092056,0.48201182701482637,0.13709324437425152
id05238,0.008785009992188661,0.9865093005831178,0.004705689424696747
id00935,0.05245992666225987,0.08483406790270144,0.8627060054350404
id00110,0.6766184857528035,0.030788439151795896,0.29259307509540355
id17476,0.9373879710301387,0.04311102170751885,0.01950100726234417
id15170,0.964434355645401,0.030236828344080157,0.0053288160105152685
id13397,0.3566699431540318,0.20770372165882844,0.43562633518713945
id24283,0.15747478084940078,0.13955229103304773,0.7029729281175515
id15234,0.8489795105767821,0.1393103985914263,0.011710090831792627
id16884,0.48624071470986374,0.30631252636785006,0.20744675892228673
id07831,0.24671618340545665,0.647145220899483,0.1061385956950609
id16038,0.8371261295181519,0.1419780983232255,0.020895772158622313
id03629,0.7576471841261405,0.09553720257973332,0.14681561329412626
id21019,0.7232748407579713,0.22189307910112316,0.05483208014090548
id21835,0.3162722197345836,0.256094015350122,0.4276337649152944
id04480,0.04414100635717544,0.9535282968832615,0.002330696759563272
id20838,0.5208867645731465,0.348430621252202,0.1306826141746533
id24195,0.517209347258462,0.22688248981042236,0.2559081629311145
id05448,0.7247294156809061,0.15147572825828032,0.12379485606081506
id15957,0.14516671941103354,0.8320159048878301,0.022817375701135255
id19956,0.04661480741078055,0.0021701000528454354,0.9512150925363748
id15104,0.10135953634825581,0.19572907704794287,0.7029113866037997
id17559,0.33023186309359204,0.4802372391702559,0.18953089773615242
id16839,0.3514244974051902,0.22258853455457098,0.4259869680402372
id14493,0.6636674484987037,0.09255357711006983,0.2437789743912265
id08833,0.7055752150481301,0.04918071731431468,0.2452440676375575
id15723,0.2517493336876424,0.22068351500872746,0.5275671513036295
id02716,0.9101976531176548,0.07129634060238386,0.018506006279963034
id06689,0.07438100093824371,0.8398064088598951,0.08581259020186255
id18837,0.31278337450447663,0.22664846240036413,0.46056816309515863
id04466,0.8883476831763811,0.052874048503105994,0.05877826832051388
id00686,0.7008814579381187,0.042022833616270606,0.257095708445611
id09010,0.24538882889801905,0.7339371418996736,0.020674029202306446
id23353,0.7239767040188473,0.1305729934256484,0.145450302555504
id00066,0.6622675973706388,0.29828687401607284,0.03944552861328851
id15724,0.10731765156724393,0.8140485493357983,0.07863379909695623
id23486,0.2826946481466313,0.03572805686910609,0.6815772949842642
id22258,0.13192957672166328,0.05268761400689136,0.8153828092714441
id02292,0.777817470418129,0.11493388758889383,0.10724864199297725
id16356,0.19104517487320952,0.0448084745679868,0.7641463505588063
id00235,0.7144282680773995,0.042767000457893806,0.24280473146470677
id25522,0.34600740734611307,0.03202135135176283,0.6219712413021256
id04204,0.1710405386246897,0.7781820851701075,0.05077737620520122
id22016,0.7410699406314026,0.04650798833416378,0.2124220710344328
id06480,0.19771025225953504,0.6942186643773713,0.10807108336309319
id08718,0.019278072673498833,0.009995841557798991,0.9707260857687018
id05251,0.02297982929494045,0.9584187560514716,0.01860141465358669
id03359,0.8578495372759715,0.12612203978390138,0.0160284229401275
id16117,0.06465998633290344,0.006332840706681222,0.9290071729604166
id17000,0.06581796523547727,0.9235867750925838,0.010595259671937486
id01730,0.2929577972165583,0.6568171931133756,0.05022500967006853
id00630,0.2952284386487976,0.6468982516777128,0.057873309673488665
id18175,0.12892787299930528,0.007351335270452192,0.8637207917302421
id00907,0.8813997051383667,0.05694742352891587,0.06165287133271576
id18251,0.13605635353523043,0.835260365085826,0.02868328137894582
id25861,0.741131743091769,0.11206811396074029,0.14680014294749147
id00398,0.5925848438319323,0.1306049444268704,0.2768102117411973
id27573,0.9772546740222473,0.0017778721864707978,0.020967453791280434
id10022,0.06315309321287689,0.6872541441515225,0.24959276263559813
id15901,0.1348485216805109,0.011609946572038347,0.8535415317474514
id00451,0.15070751881654204,0.04020472064519747,0.8090877605382611
id23129,0.08397660922100948,0.838486978087861,0.07753641269113098
id26498,0.5021096345132138,0.4581820749691006,0.03970829051768397
id14741,0.05719439459375283,0.6407605713913971,0.3020450340148512
id18453,0.21954233656512562,0.11411209294943239,0.6663455704854432
id08309,0.8517899166145415,0.08412702963275898,0.06408305375270021
id00320,0.9994405892940721,0.00014771887335826976,0.00041169183256702005
id07688,0.2942183042011442,0.08524621399325451,0.6205354818056003
id01556,0.06650306385706109,0.023816067914410394,0.9096808682285279
id00178,0.7579296941202774,0.04554322209190069,0.19652708378782172
id18902,0.20308565769611278,0.06032876457147001,0.7365855777324174
id27002,0.6614829380461222,0.20181591415248049,0.13670114780139728
id21418,0.9892978149380943,0.007774345716446993,0.0029278393454589937
id23018,0.4853255232761352,0.07576811760516297,0.4389063591187022
id07032,0.4639146545735159,0.3977737690399176,0.13831157638656535
id16195,0.26031664245963126,0.029559472637308768,0.7101238849030589
id11202,0.16101159562628203,0.7483109078726474,0.09067749650107033
id09578,0.4776611114809246,0.13706313908715467,0.3852757494319209
id26984,0.6716534150845922,0.015007953372688019,0.31333863154272085
id19856,0.02751227029612492,0.924882159304184,0.047605570399692286
id12086,0.43766380941721567,0.09729426921888244,0.4650419213639025
id12052,0.11259780414421351,0.06559512317948944,0.8218070726762957
id17728,0.08576996156828645,0.028976074085805863,0.8852539643459101
id24608,0.827351040524957,0.041602630040004855,0.1310463294350379
id21097,0.31321361281191,0.03610082038706554,0.6506855668010245
id20179,0.010916123144380972,0.00034412249817451616,0.9887397543574425
id15144,0.43118291515997664,0.4600264463288612,0.10879063851116239
id00206,0.8771814587011886,0.051435378010970104,0.07138316328784185
id22285,0.018377129592635173,0.006952001013999588,0.9746708693933647
id06417,0.11305154852927267,0.5596289417820823,0.32731950968864665
id00215,0.043153632561299275,0.9524083360304234,0.004438031408278834
id04201,0.4082779839956631,0.03482251153849858,0.5568995044658395
id21771,0.9806845811716315,0.010920898007549732,0.008394520820820192
id12451,0.0638224869379801,0.5962126875081808,0.3399648255538388
id14250,0.0388160800116258,0.8567444182436158,0.1044395017447587
id03433,0.06628779662238761,0.8937660520985656,0.039946151279045466
id03303,0.2037707222348899,0.00889313162167223,0.7873361461434385
id25901,0.17079508355119413,0.6718165714444377,0.15738834500436763
id06945,0.5822911745611635,0.06604016225570151,0.3516686631831346
id05664,0.34896659916811845,0.4264854591576031,0.224547941674279
id05741,0.9741263555698281,0.005106724368216726,0.0207669200619523
id10652,0.1940506873929961,0.26673499171377524,0.539214320893228
id16300,0.9062420969164053,0.03237790460286378,0.06137999848072936
id12319,0.6413460430411031,0.1243023114421314,0.23435164551676632
id07500,0.18987667694825197,0.8056754959866402,0.0044478270651095615
id12478,0.24977526790984,0.3934432878932096,0.35678144419695024
id03076,0.14755020804228353,0.00758262862201828,0.8448671633356984
id00969,0.4272863935227441,0.4333669006275417,0.13934670584971323
id23636,0.07438342328197428,0.8545703557623233,0.0710462209557028
id09791,0.12678185041768716,0.039760700440322434,0.8334574491419918
id05680,0.10915439550511619,0.24205031241256983,0.6487952920823147
id03672,0.30406556633605647,0.35513283823793057,0.3408015954260143
id04286,0.04509163319634681,0.906029200289479,0.04887916651417286
id23883,0.021575685112882895,0.3975133032915998,0.5809110115955203
id11914,0.5040114235860104,0.12513446046293103,0.37085411595105966
id20974,0.11214314892391329,0.8373861034836366,0.050470747592447886
id26125,0.013028212270960538,0.012156545934390774,0.9748152417946472
id15543,0.4103181968958022,0.0393797301049692,0.5503020729992294
id19471,0.9984085771809346,0.0004953724919167725,0.0010960503271481867
id11503,0.8029407029995247,0.08705656424335498,0.11000273275711922
id09321,0.021558597014944586,0.8755246944530857,0.10291670853196978
id25560,0.0043499893482603835,0.007424492902979907,0.988225517748759
id06726,0.5969685837904877,0.15571092926559418,0.24732048694391937
id05709,0.7788962588695906,0.058470808837316056,0.16263293229309256
id09788,0.21536975067717595,0.6577973545679826,0.12683289475484164
id05289,0.9932951290259733,0.005316454509439527,0.0013884164645882944
id11815,0.04717428866510808,0.9273067371915542,0.0255189741433376
id22422,0.6098935613882778,0.2185859355585015,0.17152050305322225
id25954,0.8285017556740374,0.011429021388556747,0.16006922293740652
id13601,0.3892895462091033,0.4845047621257407,0.12620569166515588
id05677,0.7821282031987398,0.01540590603417627,0.202465890767085
id10498,0.042915452838047416,0.9483579186238156,0.008726628538135483
id02665,0.24970097481153541,0.6356339600014211,0.11466506518704359
id10114,0.11988219425937537,0.6986932030493582,0.18142460269126642
id26314,0.5084362701896894,0.30066194395746193,0.19090178585284898
id21240,0.29307671578477507,0.37814521211120744,0.3287780721040162
id15569,0.662581377364417,0.25049327579457387,0.08692534684100926
id25928,0.33471025426103423,0.08570266311285935,0.5795870826261049
id22706,0.407016369984645,0.58674214838849,0.006241481626863181
id20877,0.027290665400389748,0.8225124352301161,0.15019689936949687
id04318,0.8323333579910531,0.04607325871513211,0.12159338329381536
id18299,0.09520343298975187,0.8390962533924567,0.06570031361779166
id08126,0.22015856965210306,0.007580747985677154,0.7722606823622191
id14293,0.41526688735628875,0.02110055542135122,0.5636325572223594
id12759,0.9756969520066394,0.01815655477676926,0.006146493216591102
id11983,0.6001395917485614,0.12652952080365157,0.27333088744778583
id05580,0.29132762550566066,0.5484411295523636,0.16023124494197735
id25846,0.540181533502053,0.20185299571942508,0.2579654707785211
id01939,0.30531846202934715,0.1124531383089741,0.5822283996616788
id26327,0.18516805580688936,0.4277573224688204,0.3870746217242893
id11068,0.09052967104595282,0.05449041689849021,0.8549799120555562
id08404,0.8443415470482359,0.03314878644860662,0.12250966650315648
id27189,0.4306884955857325,0.5218461228848684,0.0474653815293962
id15119,0.13923123359744172,0.7205490897905765,0.1402196766119818
id26525,0.9532875520016046,0.019789948116428344,0.02692249988196853
id03618,0.7808387699495066,0.1506000125373479,0.06856121751314692
id27220,0.9852310803419286,0.007728465600458183,0.0070404540576166005
id18777,0.11336271857542769,0.034157428257588766,0.8524798531669832
id20213,0.776100010254076,0.0929762863869898,0.13092370335893452
id20403,0.7608302671768704,0.19823235151945798,0.04093738130367044
id03777,0.268121576067389,0.04449447657572499,0.687383947356889
id10595,0.081072151206189,0.8838044698815218,0.03512337891228653
id13816,0.3232739021899305,0.0095254472215988,0.6672006505884709
id05667,0.03446990697134316,0.18448067897188433,0.781049414056773
id24629,0.29063065381306674,0.13904682844663144,0.5703225177403018
id20398,0.28236806500842876,0.17103608089461825,0.5465958540969539
id14108,0.013084022245601968,0.015865824462396455,0.971050153292002
id06196,0.009781876491032166,0.9857585300935598,0.004459593415406918
id02800,0.4723184479695252,0.39344503068892617,0.1342365213415481
id18732,0.04478250822142354,0.9146217478851518,0.040595743893423394
id11915,0.1401640281442809,0.6233175614829256,0.23651841037279206
id09739,0.4837519667917225,0.03416829199567822,0.48207974121260005
id24672,0.8869303341314089,0.09713873686727449,0.015930929001314348
id00414,0.0277081043688043,0.08327519005835943,0.8890167055728332
id16307,0.5922305188471134,0.1534043835120148,0.2543650976408721
id14043,0.16105078504309894,0.07206121924996989,0.7668879957069319
id00517,0.0008741121928429339,0.000999214784838499,0.9981266730223196
id09744,0.9399217846248354,0.05987185749341466,0.00020635788175131655
id19257,0.880206413413867,0.07089979085800933,0.04889379572812384
id15437,0.29037384163160584,0.6074900407516293,0.1021361176167667
id16352,0.44157960827864595,0.051168660784998814,0.5072517309363549
id18849,0.4490389983828838,0.25656227145017696,0.29439873016693774
id19434,0.0007701022997929246,0.9989929908320438,0.00023690686816557998
id17928,0.12667510199998674,0.10654695523159187,0.7667779427684219
id16896,0.0872419644542315,0.003068388571639197,0.9096896469741307
id02135,0.23920832699363198,0.35944165314267795,0.40135001986368973
id15075,0.8904501094127679,0.06878100871114494,0.04076888187608806
id27486,0.017176457308502695,0.979944865481358,0.0028786772101413206
id19422,0.9009740985463646,0.08369486932554195,0.015331032128092928
id09603,0.14052879209500635,0.6869095526706681,0.17256165523432546
id02133,0.08365017153884409,0.7519054655458784,0.1644443629152767
id03441,0.36227217742772827,0.1145911287463906,0.5231366938258804
id02398,0.008506415089716876,0.9886705534720398,0.002823031438245836
id05152,0.3028242528650445,0.12294156493312632,0.5742341822018295
id17838,0.3251936669119232,0.044353812022575295,0.6304525210655006
id25060,0.9888309757096723,0.00796772680188258,0.003201297488445409
id09998,0.057843096660876725,0.046879783651702873,0.8952771196874214
id01828,0.0964246933825241,0.846945421626786,0.056629884990688696
id25377,0.2194185708184971,0.06274094179740662,0.7178404873840978
id22175,0.09717082386898793,0.8515095401011487,0.05131963602986323
id02974,0.030380167519403308,0.016219096195057833,0.9534007362855379
id26955,0.9638968104050071,0.031126214221351756,0.004976975373641664
id21091,0.9212481575743066,0.03680141517193298,0.041950427253761885
id12802,0.7387574185050305,0.20660743157350955,0.05463514992145891
id07432,0.004020918153444898,0.9928958473364364,0.0030832345101182673
id18749,0.47616147079902005,0.24724756425110914,0.27659096494987034
id15030,0.05781123748507581,0.10231382170481007,0.8398749408101118
id17155,0.04218253724478171,0.9408864430309205,0.01693101972429937
id08128,0.019941616114856186,0.8280430616315899,0.15201532225355416
id25706,0.012503484123665887,0.9060977406844057,0.0813987751919288
id15645,0.6662858044627391,0.2544474375695651,0.07926675796769622
id04943,0.8821392318061463,0.034912465583079866,0.08294830261077508
id27566,0.06508391400954529,0.017430292229657997,0.9174857937607996
id11765,0.4104235258602093,0.31749090392726387,0.27208557021252383
id13783,0.4292053818033601,0.3153204758990953,0.25547414229754645
id00492,0.036105135568583586,0.04750370991841938,0.9163911545129988
id27636,0.10135026422334474,0.0367965329635712,0.8618532028130836
id04273,0.7290013863605526,0.17492410027808186,0.09607451336136756
id02537,0.2655233995477891,0.282592672268339,0.4518839281838719
id24349,0.7584625407086172,0.22738795454617117,0.0141495047452086
id00023,0.03522294246371976,0.892153805244575,0.07262325229170605
id23025,0.44342407055698396,0.5267747626631638,0.029801166779853658
id08722,0.6989723062831901,0.10329209248371611,0.19773560123309453
id02420,0.9816646429823632,0.014817336233771908,0.003518020783862667
id10811,0.8615843198272575,0.08287063133782956,0.055545048834913985
id04019,0.031119210538805665,0.021896377528891835,0.9469844119323044
id18334,0.970237734506543,0.025454980133936756,0.004307285359520975
id16781,0.35538479842755116,0.6030931385976152,0.04152206297483376
id08773,0.3858179467831598,0.597901825496608,0.016280227720233836
id19214,0.6587534518265956,0.2359490481188012,0.10529750005460252
id09589,0.0034431575092039126,0.9719999474495515,0.02455689504124392
id24246,0.44186612957084886,0.16754063660560978,0.39059323382353867
id23577,0.6344268277179071,0.3447660219877272,0.020807150294365202
id09305,0.5513512924703626,0.12712371908198253,0.321524988447655
id16460,0.27423427848494963,0.03969533326003307,0.6860703882550179
id21115,0.47513396000643593,0.16410081526725792,0.3607652247263068
id25996,0.41584439213407565,0.22677265507364774,0.3573829527922765
id02551,0.031559505838097864,0.02806873073286234,0.9403717634290383
id19352,0.11191340569361048,0.002583246018118121,0.8855033482882714
id03806,0.27638353800680704,0.07043555367445939,0.6531809083187324
id26544,0.4252906551920743,0.4099540675319584,0.1647552772759688
id18761,0.8563524209825396,0.055286357061926694,0.08836122195553323
id24148,0.37443731487426546,0.6009331071267618,0.02462957799896982
id16095,0.08227097507667362,0.7791125738885775,0.13861645103474712
id18442,0.867328647363829,0.026114015480075338,0.10655733715609628
id22596,0.001818511925310767,0.00033242523544819866,0.9978490628392397
id23002,0.040391791469857,0.014920802379560904,0.9446874061505804
id04797,0.9726122190411635,0.011096061992460837,0.01629171896637683
id06610,0.25334695983532174,0.036681582593976865,0.7099714575707012
id16173,0.32012341453157916,0.5847221367421214,0.09515444872629929
id18292,0.2627985039488437,0.025381989894365447,0.7118195061567891
id27328,0.9243864671090661,0.01510830360126723,0.06050522928966515
id01695,0.1202225618814174,0.8571037121631265,0.022673725955457684
id05761,0.5883056458256942,0.013057375376401895,0.3986369787979022
id16354,0.9200946680645624,0.03465796021052672,0.04524737172491229
id12207,0.06985256580504187,0.75955411615342,0.170593318041539
id05665,0.21731378414821667,0.01339442418250103,0.7692917916692851
id01911,0.8979322290413825,0.08444541267005166,0.017622358288565277
id19153,0.0767190086351065,0.04258272575251239,0.8806982656123797
id10295,0.735744745820344,0.20276955790766862,0.06148569627198781
id23038,0.4878265105401182,0.3984334966983819,0.11373999276150087
id23783,0.5937343755675412,0.3934170367060553,0.012848587726401985
id27879,0.8578036572605731,0.10546514279638824,0.0367311999430402
id19190,0.08113938380909338,0.916977725995519,0.001882890195387514
id05065,0.9452832492522741,0.02985190580706789,0.024864844940658565
id21296,0.023945300842654706,0.8919098316843422,0.08414486747300122
id13262,0.2089289434787757,0.3509168603208075,0.44015419620041557
id10333,0.7548926347448173,0.040950668099159405,0.20415669715602588
id16677,0.09909047356795983,0.5258001748321673,0.375109351599873
id01392,0.48298476695577336,0.03267863169980522,0.48433660134442164
id27874,0.3053978049158321,0.3124441464512843,0.38215804863288333
id02294,0.003045250362687048,0.9880936721712819,0.008861077466029895
id18298,0.02415719246540001,0.09847360589269258,0.8773692016419072
id06997,0.8829330508009055,0.028253138737710515,0.0888138104613812
id05243,0.15578953790170663,0.23472353222696465,0.6094869298713285
id00860,0.12918599647255774,0.7402959059345237,0.13051809759292077
id26681,0.9885180367438192,0.011203764496835163,0.00027819875934674754
id06020,0.007935925630984251,0.00012526072607731825,0.9919388136429368
id27683,0.5555161092084835,0.1478565288623935,0.29662736192912376
id17655,0.0700279833959138,0.9225951721043987,0.007376844499690271
id08817,0.059436048839619296,0.08546691290857357,0.855097038251806
id11512,0.019467775472001337,0.03643712142806081,0.9440951030999393
id00478,0.16343077710540815,0.036911861292484895,0.7996573616021062
id02116,0.8290992228904224,0.03302749595763206,0.13787328115194616
id06746,0.9390234144974585,0.039213873335442295,0.02176271216710081
id03863,0.2383339536179231,0.7356731885210983,0.025992857860977804
id01802,0.16862815487568233,0.7361461996910733,0.09522564543324408
id11682,0.5811805003012505,0.020471233547821516,0.3983482661509277
id04033,0.028422887867909294,0.8824335750413057,0.08914353709078396
id09286,0.12754254767075082,0.4216107475896119,0.4508467047396384
id12904,0.9955244574855627,0.004169424539859273,0.0003061179745750632
id07420,0.03674235644289302,0.021642724313137802,0.9416149192439678
id22398,0.002831992196805546,0.9926550418379463,0.004512965965248922
id00424,0.23554294798545702,0.09062994759069444,0.6738271044238502
id20960,0.9012258263686873,0.06852495629742476,0.030249217333886604
id10267,0.4003739554110483,0.36118533432642935,0.2384407102625227
id19330,0.214487227161141,0.012437938197566663,0.7730748346412937
id00994,0.030196305402872443,0.9426324409049052,0.027171253692223746
id10785,0.5860778831832902,0.11595927683985605,0.2979628399768552
id00955,0.024069490488029196,0.9505845917153617,0.02534591779660854
id09757,0.01827289369769432,0.97894619549637,0.002780910805937294
id10030,0.14024624708907577,0.07574655732393881,0.7840071955869842
id22952,0.10712905037705014,0.10519412488424015,0.7876768247387095
id21955,0.007119268487017471,0.010482423247898436,0.9823983082650858
id07674,0.74246775573994,0.09223286886142021,0.1652993753986404
id13760,0.04051949495463305,0.9523848742319377,0.007095630813427208
id18166,0.7245110070734888,0.10305164620271505,0.17243734672379524
id23498,0.9481229609567288,0.04398001035837038,0.007897028684901426
id05296,0.9561158675998694,0.004724137280226671,0.03915999511990296
id26709,0.6963170068395866,0.15883784738247098,0.1448451457779407
id02853,0.866342804535823,0.10208122037118991,0.03157597509298849
id06800,0.221688395904458,0.17235080897905533,0.6059607951164871
id14758,0.320755057032087,0.47001588849951503,0.20922905446839873
id12356,0.9092835870558285,0.05430061836601331,0.03641579457815894
id21492,0.40352835211206856,0.5104027273211597,0.0860689205667714
id27540,0.6772834955450823,0.005583986456283835,0.31713251799863057
id07376,0.18733966959972967,0.6277634065714279,0.18489692382884176
id15201,0.6278716590134689,0.33575296618496214,0.036375374801570375
id23388,0.12612773197210847,0.8235058205508836,0.050366447477008434
id13923,0.1332738332900468,0.8376185546743556,0.029107612035596583
id00794,0.10195762484120291,0.881087267443135,0.016955107715664233
id23910,0.32516117157101376,0.2761623889977277,0.3986764394312554
id02556,0.05374769647328472,0.13977902717224855,0.8064732763544671
id22151,0.011788500378726342,0.9802277221001312,0.007983777521139985
id11698,0.02829741276061405,0.9466128103633058,0.02508977687608062
id11627,0.6273529290081793,0.09504180964927678,0.27760526134254304
id06340,0.9995566486995553,0.00015344221175594053,0.0002899090886866829
id05123,0.656492284653301,0.21518710708063057,0.12832060826606884
id26620,0.05845391394534365,0.010619173459071833,0.9309269125955847
id04002,0.07916024937183899,0.3071550232828579,0.6136847273453025
id26554,0.5254888112127353,0.17435991846358354,0.3001512703236827
id18012,0.2552667942019154,0.20958479673472877,0.5351484090633541
id12964,0.1750792850014673,0.037865776123965106,0.787054938874568
id18965,0.17925180573994465,0.39038003699755786,0.43036815726249494
id19082,0.1857828127332709,0.0683277442074873,0.7458894430592419
id26742,0.07941368508033392,0.008804934003013638,0.9117813809166533
id15442,0.11474311225437578,0.7682487526325867,0.11700813511303561
id16647,0.3688057447034669,0.2336375691258079,0.39755668617072437
id11544,0.31159069557116537,0.08896608928386837,0.5994432151449648
id20581,0.4529454330490488,0.12832688949127613,0.41872767745967415
id13192,0.2770227704418589,0.46231203730263004,0.26066519225551127
id15814,0.32683299549216455,0.08179675801453323,0.5913702464933039
id26279,0.2222905141933997,0.7566358397439525,0.02107364606264805
id00240,0.9157007698707521,0.048861467128279025,0.03543776300096858
id22836,0.9791767282329285,0.014989710384664288,0.005833561382409476
id15085,0.021081622213188694,0.6895066406572955,0.2894117371295165
id17495,0.217057956667667,0.0074777859821533845,0.7754642573501814
id26762,0.5129199304091088,0.31391009221465177,0.17316997737623924
id13685,0.9904057058258884,0.0011548478600208233,0.008439446314089027
id16560,0.008135766900637968,0.9870184651772574,0.004845767922104286
id17184,0.002442004141527242,0.9897120636378741,0.00784593222059972
id21635,0.9938025606558966,0.004610822375063031,0.0015866169690412317
id26751,0.21338981480121164,0.593416999466144,0.19319318573264446
id12351,0.8486063658714347,0.05824971367189647,0.09314392045666692
id14872,0.44272506973026027,0.3131136773449866,0.24416125292475258
id18372,0.7249524361424661,0.24948697914773185,0.025560584709803113
id26851,0.5388412282663562,0.28053348535736183,0.18062528637628256
id22659,0.37211424404945975,0.6213878963841573,0.006497859566382483
id04102,0.003917488075969382,0.001348096074915813,0.9947344158491122
id02353,0.21950323308511982,0.6902052980812383,0.09029146883364188
id26721,0.9555036262117452,0.03497013667024837,0.009526237118003033
id11171,0.7323436994364912,0.175989286573126,0.09166701399038227
id13562,0.3738671575748927,0.374218255950714,0.251914586474393
id26425,0.7940705864166553,0.02909736373216122,0.17683204985118336
id26394,0.48944502797823275,0.13892823622910727,0.3716267357926601
id22187,0.12533060414647557,0.8028064119505156,0.07186298390300858
id00422,0.9621469327129051,0.0037479796467157667,0.03410508764037624
id22667,0.0020083852962526926,0.9977344971631005,0.0002571175406480288
id00911,0.6725642227536301,0.17512205939581676,0.15231371785055428
id17291,0.36464421028229227,0.12918376431861486,0.5061720253990939
id01915,0.29169509481950734,0.05049028460002472,0.6578146205804696
id01434,0.024676099368679514,0.017984636175278974,0.9573392644560408
id01584,0.7546474869832646,0.06659235705891138,0.17876015595782382
id09266,0.9216018450712414,0.00860522327944931,0.0697929316493092
id17494,0.008561667576731902,0.9859095440930912,0.00552878833017841
id24919,0.13598109698480526,0.31098016718553795,0.5530387358296576
id21043,0.09029720586500432,0.004468354854472646,0.9052344392805234
id17796,0.03875963888801158,0.9452850428742231,0.015955318237765102
id02166,0.7302094595776645,0.04297990385884989,0.22681063656348635
id17503,0.8890349095737194,0.008835715084165958,0.10212937534211339
id21203,0.10244804171825798,0.08913561079293822,0.808416347488804
id25626,0.9966036721662789,0.001393446975308358,0.002002880858411272
id09836,0.9882638301400822,0.00860819627573838,0.0031279735841779205
id24202,0.08070700102379333,0.14926911756585692,0.7700238814103483
id27260,0.4591335411450696,0.376229942821758,0.16463651603317386
id23167,0.045996903900341474,0.00992271391023052,0.9440803821894285
id10393,0.04831001986318982,0.9139063598570067,0.03778362027980388
id01171,0.4077754230932295,0.5665693346495533,0.025655242257217378
id06380,0.9399274186974095,0.03547972274788536,0.02459285855470384
id22686,0.46348748689341485,0.02045614349980441,0.5160563696067816
id26250,0.2086278329235548,0.03810915191974157,0.7532630151567046
id09315,0.3067836110530504,0.5916605488008645,0.1015558401460859
id00886,0.07449987303637938,0.761116485429802,0.16438364153381763
id03101,0.6498022590772315,0.1061512131138206,0.2440465278089487
id12367,0.5330836261454687,0.05508790681428534,0.41182846704024595
id10770,0.4968050698764013,0.0700959219941472,0.43309900812945307
id14949,0.02620254713844696,0.9692655727411802,0.004531880120371141
id14141,0.21733746923392025,0.734499373272283,0.04816315749380014
id25417,0.33238846883644524,0.4596563482609408,0.20795518290261383
id26873,0.4003729679633791,0.08709565102031973,0.5125313810162995
id10818,0.16678341246136538,0.030649209187159517,0.802567378351476
id15146,0.3929949124015413,0.01108936320770237,0.5959157243907568
id23328,0.6709809118383296,0.24638871867824544,0.08263036948342353
id16765,0.2768179291648709,0.39847711412824116,0.32470495670688854
id24383,0.8644391503141595,0.01698490413214166,0.11857594555370031
id21304,0.7968071535451965,0.049469789829100566,0.15372305662570268
id12551,0.10627937086059641,0.8610318257425082,0.032688803396896775
id23274,0.10143619484623122,0.160996121613054,0.7375676835407156
id08117,0.39305356197409874,0.07346330385251985,0.5334831341733823
id23961,0.9143470650378954,0.03310076667659918,0.052552168285506996
id13865,0.018550709072451408,0.9756090203022755,0.005840270625273049
id22807,0.26953154662048767,0.0482551092668456,0.6822133441126662
id08951,0.14346214883642275,0.19873630086990354,0.657801550293674
id18684,0.9760290081342687,0.019583901937105394,0.004387089928627
id25179,0.17575641943055914,0.17538351017881287,0.6488600703906289
id27033,0.8844768233562247,0.011225743564917717,0.10429743307886065
id13977,0.22504423127141202,0.6019505700964213,0.1730051986321663
id19337,0.02173392325882776,0.8454160424535103,0.13285003428765907
id25764,0.30785787680006804,0.5406734271021513,0.15146869609778402
id16106,0.2585851411208531,0.20142015740055436,0.5399947014785943
id05468,0.0225600567819083,0.012607706610739768,0.9648322366073504
id05241,0.9155965160499251,0.019629680741150037,0.06477380320892501
id10215,0.44429329892682723,0.24934728371865397,0.3063594173545193
id23457,0.024215867660370892,0.09092141828163275,0.8848627140579944
id02200,0.9173939852607966,0.07242512604390265,0.010180888695305479
id13714,0.24543175813126214,0.7160687607049362,0.0384994811638034
id20332,0.0033012333048236106,0.0032931728093561156,0.9934055938858174
